55.744504,37.836057 55.743112,37.820795
55.744504,37.836057 55.737768,37.826406
55.744504,37.836057 55.735022,37.832146
55.743112,37.820795 55.737768,37.826406
55.743112,37.820795 55.739685,37.797851
55.737768,37.826406 55.738749,37.810942
55.737768,37.826406 55.736222,37.815613
55.739685,37.797851 55.738749,37.810942
55.739685,37.797851 55.733933,37.771715
55.738749,37.810942 55.736222,37.815613
55.736222,37.815613 55.735022,37.832146
55.736222,37.815613 55.724547,37.797901
55.736222,37.815613 55.729348,37.813945
55.735022,37.832146 55.729348,37.813945
55.733933,37.771715 55.724547,37.797901
55.724547,37.797901 55.724804,37.809525
55.724804,37.809525 55.729348,37.813945
55.718503,37.815277 55.724804,37.809525
55.718503,37.815277 55.729348,37.813945
55.729348,37.813945 55.729348,37.813945
55.718503,37.815277 55.729348,37.813945
55.729348,37.813945 55.715263,37.826428
55.729348,37.813945 55.715636,37.834911
55.715263,37.826428 55.718503,37.815277
55.715263,37.826428 55.715636,37.834911